2
95
2 10000000000000
3 10000000000000
5 10000000000000
7 10000000000000
11 10000000000000
13 10000000000000
17 10000000000000
19 10000000000000
23 10000000000000
29 10000000000000
31 10000000000000
37 10000000000000
41 10000000000000
43 10000000000000
47 10000000000000
53 10000000000000
59 10000000000000
61 10000000000000
67 10000000000000
71 10000000000000
73 10000000000000
79 10000000000000
83 10000000000000
89 10000000000000
97 10000000000000
101 10000000000000
103 10000000000000
107 10000000000000
109 10000000000000
113 10000000000000
127 10000000000000
131 10000000000000
137 10000000000000
139 10000000000000
149 10000000000000
151 10000000000000
157 10000000000000
163 10000000000000
167 10000000000000
173 10000000000000
179 10000000000000
181 10000000000000
191 10000000000000
193 10000000000000
197 10000000000000
199 10000000000000
211 10000000000000
223 10000000000000
227 10000000000000
229 10000000000000
233 10000000000000
239 10000000000000
241 10000000000000
251 10000000000000
257 10000000000000
263 10000000000000
269 10000000000000
271 10000000000000
277 10000000000000
281 10000000000000
283 10000000000000
293 10000000000000
307 10000000000000
311 10000000000000
313 10000000000000
317 10000000000000
331 10000000000000
337 10000000000000
347 10000000000000
349 10000000000000
353 10000000000000
359 10000000000000
367 10000000000000
373 10000000000000
379 10000000000000
383 10000000000000
389 10000000000000
397 10000000000000
401 10000000000000
409 10000000000000
419 10000000000000
421 10000000000000
431 10000000000000
433 10000000000000
439 10000000000000
443 10000000000000
449 10000000000000
457 10000000000000
461 10000000000000
463 10000000000000
467 10000000000000
479 10000000000000
487 10000000000000
491 10000000000000
499 10000000000000
95
2 1
3 1
5 1
7 1
11 1
13 1
17 1
19 1
23 1
29 1
31 1
37 1
41 1
43 1
47 1
53 1
59 1
61 1
67 1
71 1
73 1
79 1
83 1
89 1
97 1
101 1
103 1
107 1
109 1
113 1
127 1
131 1
137 1
139 1
149 1
151 1
157 1
163 1
167 1
173 1
179 1
181 1
191 1
193 1
197 1
199 1
211 1
223 1
227 1
229 1
233 1
239 1
241 1
251 1
257 1
263 1
269 1
271 1
277 1
281 1
283 1
293 1
307 1
311 1
313 1
317 1
331 1
337 1
347 1
349 1
353 1
359 1
367 1
373 1
379 1
383 1
389 1
397 1
401 1
409 1
419 1
421 1
431 1
433 1
439 1
443 1
449 1
457 1
461 1
463 1
467 1
479 1
487 1
491 1
499 999999999999906
